[errors.jpg]
filters=finetune2=1,0.000000,0.000000,0.000000,00000000,-0.005848;bw=1;finetune2=1,0.000000,0.000000,0.480000,00000000,0.000000;
moddate=5aa260682ba2d001
width=615
height=461
textactive=0
